posapproach -0.056 0.11 0.71 1.57 1.24 0.69 0.04
posgrasp 0.17 0.29 0.8 1.30 1.28 0.8 0.0192
poscamera -0.2 -0.94 1.27 2.07 0.88 1.38 -0.72
posboxa -1.05 -0.53 0.63 2.13 -1.23 -0.8 3.0
posboxb -0.46 -0.30 0.61 1.47 -0.84 -0.75 3.0
poshumanhand 0.37 -0.519 0.72 1.01 -0.4 -0.17 2.82
posrest -0.6 -1.156 0.900 1.979 -0.407 0.911 2.135
posapproachy -0.05 0.9 1.9 -0.7 0.0
posgraspy -0.05 1.1 1.7 -0.9 0.0
poslifty -0.05 0.7 1.7 -0.9 0.0
posresty 0.0 0.0 0.0 0.0 0.0
poshandout 0.0 0.0 1.3 -1.0 0.0
posinter -0.4 -0.96 0.9 1.89 -0.43 -0.47 3.0
posboxleft 0.4 -0.2 -0.78 1.62 1.67 -0.58 -2.91
posrestleft 0.6 -1.3 -1.067 1.6 0.472 1.1 -2.241
posrendezvous 0.35 -0.59 -1.41 1.52 -0.55 1.2 -3.05
posrendezvousgrasp 0.21 -0.27 -1.55 1.55 -0.34 0.97 -3.05
posinterleft 0.62 -0.51 -1.23 1.86 0.97 -0.2 -2.87
posrendezvousright -0.06 -0.77 1.15 1.77 1.08 1.15 2.57
posrightrelease -0.35 -0.76 1.11 1.72 0.92 1.34 2.25
